"y1","y2","y3","y4","y5","y6","y7","y8","y9","y10","y11","y12","y13","y14","y15"
1.00081714277551,1.05459410324891,0.0494833832122385,1.13498873769908,0.141016361763001,0.505456969521777,1.60806345216206,-0.0127679812708156,0.474861850186395,0.777168341300993,-0.53743959823613,-0.327850940415386,-2.60072600336577,-0.999637018866928,0.317221934985419
0.693397414118706,1.10177577336398,0.673900965316936,0.302010543890877,0.114236440978228,-0.652887133557642,-0.0767690460334934,-0.049194254451898,-2.00959955845506,1.10451767807817,-0.543666215626721,-0.615519130911217,-0.935786682634468,1.01106574046488,-1.83504419501024
0.135181098480646,-0.651718152878781,-0.194630363902221,-0.114095827520402,-0.569893740281449,-0.00605150808235067,1.94671767055396,0.890971927833629,1.11896610253599,-2.29947167602981,-0.0359002230583175,-0.83179498770176,0.804264796690375,-1.05356740708541,0.307210819440098
-0.293706906354674,-0.84278882472213,-0.613513308346793,-0.247173318773976,1.23411775100208,-0.0564962303261043,0.867589688189795,-0.810046624240141,-0.122486556176995,1.42469182098017,-5.35513458660811,-1.40307509444475,-2.38423220759264,0.862287140924244,0.923663188010927
1.19248266504458,-1.99433642948552,-0.720258820800312,1.59229085677252,-0.393554860207496,0.80623849563673,-0.639008345652784,0.274597043623031,-1.06271315834701,-0.811209950599859,0.133347283167543,2.44457242952475,-1.14642393756491,2.04209309160681,3.48282430906676
1.70126977849998,0.83614778995227,0.425559325589423,0.247040485195361,0.0850704459139262,-0.301114557238474,0.926796871956877,-0.501302199335755,-0.153631080514278,0.0627161622054705,-1.23451221265532,-0.299289896727388,-0.752526592387409,0.202983962266502,0.362886218268832
0.461425821460795,0.345301828507578,-0.161418000484793,-1.10597501122036,-1.66441560697441,0.874942379267738,1.59991951289799,0.532319212868066,1.26512186829398,-0.216003388824149,-1.24974546582783,-0.920855283835375,0.661092153436482,-1.05474701174941,-1.08801318877436
0.129502823977279,-1.32266510816968,-0.551229802991542,1.16357126649718,-0.887580795166496,1.02588429409303,0.522632195022424,0.0202368653000072,0.591622993761707,-0.212139652279768,-0.0560573092690009,-0.974746758042816,-0.592309716364686,1.16715298193196,-1.07149058971656
-0.621364430792274,0.991011138203481,0.917836709828069,-0.983431844538563,2.72862365834328,0.786508969924627,0.737946911375163,-0.907348546725901,2.23617216112347,1.35425905907759,1.17920785629336,0.652854866152913,1.77415042935919,0.0333727382996357,1.23767898588584
1.82420479607393,1.48529706612138,-0.491510423702495,-0.393004182063236,-0.285200775029793,0.603650462975784,-0.635823710448953,-0.750551407302275,-0.707088387526597,0.284278947381394,-0.674449992338213,0.59411551771061,-1.28749254524411,0.551563636868783,-0.00463128209793139
-0.693665171986019,-1.22815356151054,0.337854842798925,-2.37188864340281,0.0483810762039544,2.01670569034408,1.50742626918377,-0.543083816839031,2.57384451215157,0.756309919049064,0.234235794066252,-0.801077158670371,-0.297069265803827,-0.953396812731288,-0.12647716575586
-0.24814988826167,1.67983964157517,1.47596661997501,0.427284029972621,1.26429845739435,0.743359628830871,0.442833050543941,1.95331814460706,0.685678506118832,-0.600545225606946,-1.48375420259166,0.391205215868181,-1.07496533577933,-0.356627224119279,-1.00543650408976
0.914079399555863,-0.443338383524536,0.907641797736128,-0.533980457796403,0.359803683375655,0.725123583478087,0.465342548779831,-0.154485571005264,1.23570893349279,-1.10170390886866,0.0332788529901755,-0.448936026122877,-2.53037385638379,-0.157335698964615,-1.56948776823016
-0.197593088198118,0.0355035814536714,-0.273602917404561,-0.422067103909176,0.245746669400838,-2.15839942527813,-3.81826874781742,0.791524851385842,-0.114526202487894,0.335350887428172,1.97615390287298,0.578737790888008,1.50440335159278,1.51563276835054,0.933922646392609
-1.18346113755056,-0.884026945830393,-0.0623327943080684,-2.37829994444527,0.0502265212250654,1.43659303153279,1.26395324354953,1.41854681980822,0.883857494472779,-0.965346247167336,1.36872124780482,0.353398173169946,-0.0828204702839654,0.618025800208505,-0.155681325817652
1.55227966858164,1.77858858447259,0.556145363137195,0.219385821390823,1.31580681103475,0.623264208063127,-2.14726692566095,1.38805423024237,-0.866603625221472,-1.30258496215299,-0.703568158468641,0.668745025760476,-0.863085307021183,-0.199052244986839,-1.37303487669873
1.08604355363852,-0.157710951249396,-0.190780374123927,0.845563712156455,0.69709330598658,-2.14543315747381,-2.22425369803004,-0.495761383678899,-1.09983426619107,-1.42849960604246,0.991129592221472,1.13498907837307,0.628270652781101,1.08430210365942,-0.808462755317948
-0.155552750324914,0.839152004942685,0.521735212886957,0.773048898588822,-1.48188789054552,-0.792323341131995,-0.379558908110128,-0.653244400944954,-1.48149213800159,-0.514389271442601,-0.214207678281706,-0.609018161550109,0.443135829136491,0.685148464736332,-2.74471303035463
-0.0574692260970316,-0.263117844217124,-1.34031395527251,-1.09687861850551,1.00597509209891,1.84464536548325,2.46696539534361,2.42840865354161,-0.278900567527895,0.197920557894096,-0.0989622976789347,-0.670261386157188,0.909901819860051,-0.439910753775134,0.167206591699005
0.383674661538553,-0.504245794984636,-0.149062384683793,-0.0372191075970374,1.61795955220931,0.767837323824568,0.856298264594745,0.0989925302831356,-0.651273836414654,-0.0940390628976573,-0.38792589287605,1.1664317697164,-0.55121543128815,-1.15191054723323,-1.26869931318867
-1.79074594323646,1.0788121231525,0.791577341435526,-0.791645431936843,2.15542045826311,-1.43049546117481,-1.14090290233923,-1.29499464909149,0.251352723151345,-0.388253340518188,-0.235413916578042,2.27611719571235,0.209959137171038,-2.25000476952884,-0.559438230971116
-0.104300189537499,0.25353137753846,-0.128558473690861,2.24235446413726,1.71434518611729,-0.387418209911009,1.06845804471876,1.72037607893802,-0.738560510875884,0.935021756879958,-0.926656141554431,1.04914303940641,-2.30937613038008,-0.99636643148405,0.427463031880827
-1.80661288122895,0.103620493278655,0.201897737001988,-0.0557103290423273,0.0767582256461924,1.55731428894973,2.43214604500386,5.12151723107673,0.0575370138245008,0.643671068233339,0.601504139968715,-1.06520254137754,0.0768507464268962,1.59118477324658,-1.40548523062977
2.64552200118163,2.38584276326012,0.244658182745729,-1.28201167208806,-0.621824802107173,-3.00601734536592,-2.18126227429837,-2.160914367791,-1.01662824055833,0.512761488153571,-0.715993656218484,0.217011412910985,1.33719701627638,0.860267099155923,-1.54886226102974
-0.126064558498964,0.514483494920268,3.12980213504754,0.551655181487504,0.431698289352876,-1.77417908791367,0.5348627710212,-0.330894658214829,-0.857404424101096,-0.358796905195518,0.433419222096163,-1.23151512139339,-2.04353250311682,-2.30567413935821,-1.36163141951946
-1.28221209405178,1.20452874848263,0.0834918214728044,0.0502681831853765,-0.983583161177787,0.512416938565415,-0.761036685970739,1.2747439496982,1.39073935859054,0.152285378498502,0.208390015596434,-0.530709689542832,-0.672584337319863,1.3535207619454,0.0448650197609167
-0.427665815022767,-0.396159445220775,1.96164089019061,2.58695126980333,1.2879845716784,1.0371665083752,-1.51461366368316,1.05386720706299,2.0991321309579,0.577633323784029,-0.115876988671982,0.718241713447532,-0.0597595967870699,-0.695635686555778,0.55223406375483
-1.34190427295194,-0.509773012937808,-0.763717025146891,-0.410894298295773,0.999878103961807,-0.366928726149546,0.35744479281485,-0.505797808992426,-1.09333202664864,-0.246752612062244,1.1447340708038,2.35797512377063,-2.49704314484286,-0.0260128055765924,-1.59548039202248
0.760729127203868,-0.24036457117269,-0.0849894764001052,0.939593625025046,-0.141984874702086,2.79859821238038,-0.878461349017754,1.84941946999769,-1.43070280318627,-0.290991364939501,1.99006537113678,0.0639922326461048,2.10956770382768,0.800790745786849,0.40136254241945
-0.244942697507006,1.47636938135534,-0.000724914966909082,-1.47199025029689,-1.92104368247827,-0.274252499720924,1.62742416097138,-1.48980666658637,1.14356521698298,0.283282746587594,0.707583978903411,-1.37343024272861,0.16731816132407,0.20301207459107,1.83521052489307
0.538942592646918,-0.997851262721397,1.07632543091847,0.22610496766096,1.52202161087599,2.06937793487302,1.52882569892643,2.22207971444639,0.66194119913454,-0.166836883344293,0.536429018643333,1.77121274633429,3.59890637759706,-1.21362211711511,0.77647688027419
-1.62214407262139,-0.692171882600086,0.460024137227999,-0.0160912965795527,-1.54835140492837,-0.0996807890051153,-0.209931028740718,-0.45868682656923,0.725690615487805,0.394038984958828,-0.469376870856697,0.64083503594538,-0.718820457899682,0.599613478641085,-0.81429666978969
0.298786917229047,1.05211151994026,-1.17454866279149,-2.09983946947978,-0.709301272106648,-1.86128205118241,-0.374821108804823,-1.16506267568582,1.82607015179067,0.28064173417496,0.636731310141103,0.677038901190546,0.355522436507396,-0.620147305158651,0.518928855086678
2.06823590994346,0.536538293869881,0.201771620344686,1.46577295184817,-0.184931470879902,1.31074334840519,0.930026236952553,-2.04387306172238,-0.323087218914553,0.340774779852047,-3.3479424213802,-0.405195440723923,0.701261995082912,0.707541955555261,0.213177767066653
2.2564765145924,1.91609915098589,0.982634353261203,0.906382195257029,2.19548187804428,0.0235964254196954,-0.272769820374873,1.21512863668539,0.650363249183963,0.0699246238172719,-1.06910710787726,0.94234268191607,0.383339072309229,-0.502733275137446,-1.14400007699712
0.403265135326364,1.9008772648553,1.56883860639238,-0.480037598182003,0.74220237185815,0.529495586457547,-0.890681329323464,0.286517848814095,1.80346174405535,-2.22195489659913,3.61497528381783,1.08286757671733,4.49620242026496,0.725989899901876,0.378638107384309
-0.178903589384472,-0.389890388355052,-0.052262373581577,2.38866258112604,0.690788609962749,-0.208457899985551,-0.406184465180143,-0.924606244914399,-1.06643896523181,-0.355226270856533,0.00731585972200266,1.01530372081847,1.20561715561051,-0.139098609861843,-0.391430600534471
1.58569717592806,1.8147301558398,-0.682707820439505,0.984239968687872,1.81455782518952,-1.11672434946863,-2.36161226847758,-0.196068136530495,0.466718081103887,-2.45312468968962,2.98209219495314,3.23198731932141,1.82482139170889,-1.22775680896173,0.713446139115569
-1.10942034510322,-1.17984164592169,1.28909002039657,0.436154836634124,2.11828060465916,-1.01804964495026,-0.826150497545896,-0.625919208782215,-1.22869484436309,-0.525018532817789,0.899516940935074,0.456398073430275,0.131520181096945,0.39726331546152,-0.811005892610332
0.39065065569575,0.544662011781692,1.52354770344912,1.00500648555172,0.124537799114968,-0.200865851124113,-0.231217455075956,-1.50487989379465,-0.404200317351624,-2.14737564839579,-1.6350499738497,-0.146616016395558,0.337055612056125,-1.67301565476629,-2.41526600293554
0.674889471926675,-0.391450467433687,0.457042985844473,-0.713829138708403,0.224394850857363,0.818490558740443,0.682767120393119,-2.47932615455645,-0.439286896796744,-0.695039266683807,0.755796036549264,0.680645448143927,-0.356722274697178,0.155481044212594,-1.62387775288616
0.349138982099177,0.984818422984356,-0.395088254717633,-1.00487117508881,0.472643397872248,0.685800471732191,1.3062647582534,1.80039732051757,0.405468111586053,0.964069346080194,0.240290185377697,-2.65614122053365,-0.38703825270698,-0.220539132476507,-0.149848583777957
-1.22940091138861,0.184129498213003,1.40672327931861,-0.918840160615621,-0.154314558133976,-1.17869323618031,-0.580523740374573,-2.23235519566758,0.00449676479029364,1.15731510940191,0.310382630407755,-1.1634861719256,-1.47774763369507,-0.498201791704714,1.85695946020779
0.0345826935369566,0.514028370827874,-1.05852419152712,-2.7838498963428,-2.28694775229934,0.0416490970195644,-0.30993254346295,0.011070738881746,-0.888488464573315,-0.820203513627019,0.243012458525937,-0.438446433155762,-0.440988493867401,-0.897835690556579,0.0476487807351635
0.21814985315401,-1.09872682022923,-0.256278352513671,-0.599207800327447,1.18177556825272,1.35453528741748,0.157110655305193,-0.248746802685697,0.479388411700733,-0.368868877808808,-0.801768401681426,-2.63189150935057,1.99778727854373,-1.30466939282507,0.0271470329146356
0.360680966334359,1.25049320643953,0.296734326694062,-0.180098233517516,-0.657544459898298,-0.509819342622423,-1.48846401212909,0.665647509728878,-1.01333742339905,-1.96249715550712,-1.78709587706781,0.101424072980234,-0.368601631492787,0.0750545166799712,-2.18858747395676
0.608300978938847,-0.801288102423648,1.36454095105025,-0.228378025299751,-0.605017209921009,-0.4337528747761,-1.07262463937712,-1.64939734461245,-0.578290697020371,-1.3603855415584,-0.254553859974561,-1.35695895155892,0.596862333146748,-0.0338784235997768,-0.530015980723068
-0.145883412262112,-0.232339848333871,-0.556310528700994,-0.860090329745331,-0.255294380766405,1.89414516956709,-0.765700733676405,0.57383215055309,-1.09153886764148,-0.505834627494649,0.836923002347023,1.86367903519866,-0.1982819655541,-0.00357151186626714,1.12061194320489
-0.812298212934169,-1.9774923290389,-0.226897987693726,-1.04609984036931,0.78804248054646,-1.76948952260279,-1.38792074130967,-1.74576018690922,0.363449931674558,-0.248713664924338,-2.78092564863178,-0.847355871265999,-0.0821437955994057,-2.4377506382884,-1.98065992551236
2.58399516580491,0.812219749659638,1.05972775415465,1.83047439056469,1.31902351561055,0.275029450960077,0.524211245811984,1.72329651010807,1.0745319760883,-1.79226229670851,-0.862288491796122,0.716024111029131,-1.07532792706204,-1.25693023337138,0.587710671097606
2.24851165442176,-0.152705969715708,-0.237428817660691,0.614075304608294,-0.540611944934543,0.549355826413891,-1.1972934908107,-0.997476682976255,-0.858977143616154,-0.391552445555062,0.858155074521537,-0.535903785366671,1.49463871328993,0.0825762477637658,-0.645064287290816
-0.432525995066098,-2.08814350734465,-0.998434994091821,-0.304005198401124,-0.57307786998014,-2.07586373803841,-0.716828396061908,-1.04641267365551,0.0122846299745241,-0.350684156764941,-0.0613895110814029,2.60994592243398,1.24679944524152,0.858394122366773,2.16706648409484
0.38689028314617,-0.285882734282551,-1.75265069471666,2.24633630341721,-1.398800048961,-1.57814226238504,0.356863170714926,-2.35616672672939,-0.926509461537679,0.547711387318398,1.10657343765491,0.29038630016637,-1.93391805449655,-1.72108384163784,-0.981368981603407
0.799101554241246,0.887868798268351,-0.40595557256834,1.09278853065676,-0.425459214157262,2.03627547823223,1.47410715677215,0.697407863138051,-0.182705557723093,1.77644449584351,-1.220426671729,1.31508567759773,0.80035211405511,1.26590643494608,0.957990312545821
0.395781014364179,1.25820003751894,2.66468173366286,1.53016514029142,-0.138333014216766,1.1206701683632,0.110475143366659,0.624084133136779,0.385213362983063,0.915023879742815,1.99567738285817,-1.19850219138759,-0.321753858443002,0.643395849410075,-0.518530071861132
1.81739144476538,1.83646710531193,1.75628635062994,2.4467318827881,0.781940217409367,-1.26455581217992,-2.0399453435062,-1.35791721967732,-0.297406163666429,1.37321821419597,1.53946856928076,2.86834481667314,1.74799020298034,0.673457381852443,0.640081441266116
0.00485986686280176,-0.254411109399719,0.410751202142807,0.834093970406889,0.629641608505517,-0.0870911859068624,0.0654467906299585,-1.35860789462319,1.1600567267131,-0.033369012622483,-0.931391455758497,1.2095817203711,-0.417904182939836,-0.370794718999952,-0.150875227587324
0.916707231825196,2.22443865499487,2.18803782018203,-0.363785225736753,1.04656244226731,1.21766619436659,-0.389309302850898,-0.0616181614464777,0.220619126155349,-1.15724983853815,1.25200267338645,0.47616624384499,0.448864476897171,-0.475745025878663,0.578872582251613
-0.0378367327921622,0.482345218057358,-0.00232616595315388,1.02792132533034,-0.768505416971673,1.11181054442219,0.758464921130107,1.17650215638143,-0.0204942902438799,1.31519048317356,-1.04248757195548,-1.74383028679045,1.23883994247386,0.348810292813851,-0.0815066539378857
0.0219114802559465,-1.04532351948113,0.813149817400579,0.984245324754826,0.418230888315561,-0.805336240352583,-0.133652221351926,0.236488545558641,0.174067276429056,0.823443144100898,-0.055787680581915,-1.74241511861892,-0.55078578362809,1.29341533047895,0.213979655805741
-0.622763608836174,0.105424059136458,-0.599128683786637,-0.520252216066612,-0.346076342347067,0.227569764102337,-0.240464875886517,-0.340984565168379,-0.921610094064005,-0.386138286212599,-1.48071225175322,-0.159363577690387,-0.0947803702470168,-0.506352702218614,1.30193642229401
-0.917337617919508,-2.51077079632831,-0.936714857014961,0.430487483605497,-1.34981375900514,0.918966799949006,-0.323977359815734,-0.720740989648357,1.19184146476126,-2.00519724666501,-1.78219064278366,-2.62192180896291,-0.198222345782684,-0.566154848076456,-1.81957652146937
0.0527237549870917,-1.30789720785916,-0.211904074035714,-1.3737261134836,-1.09958708161519,0.832580544548046,0.106457029475558,0.937656026596766,-0.163508505275218,1.42769287480707,-0.190520988033175,-0.709985292438359,-0.546820570227806,-0.715896488901445,-1.02721875094714
0.641840910093729,-0.701177135625777,-0.823895126452496,-0.0883510726954142,-0.625523190235765,-0.48069459194369,-0.626717324520722,-0.456103881100373,1.0880292642468,0.928893736964738,2.00468580669022,1.34573609645134,1.02191731031839,0.144871926776497,-0.454678559228468
-0.50632312085993,0.617203794670731,-1.10835123048417,-1.70387516010481,-0.981935236130171,0.990757183670504,0.672152369256876,1.05946070161462,-0.400762023715241,-0.0200421016877924,-0.0784746253729042,-0.621335005824336,0.103189450409664,-0.149828653100447,-1.80419020394451
0.306393020191304,0.276482931358075,-0.95142780399247,0.822620869337154,0.387670376716555,0.560074498536466,-0.237173552596569,-1.44029595149727,-0.00407719435131276,-0.2606159214299,0.42582944671887,-0.423129939146974,-0.379350897688145,-0.148868172591613,0.447171990893748
0.77617276508193,-0.249387585071221,1.27922980854021,-0.298740109909853,-0.115270955724623,-1.83584981757847,-1.00063136885934,-1.17638207467095,0.303643108626957,-1.95853266926989,0.523612938898225,-0.359955885514488,0.458948924914754,-1.84230498290045,-0.241946503434543
-2.51885934764729,-2.23075708554267,-1.20491767220773,-0.587204534326919,-1.04378787817135,3.20980248906024,1.69436696506762,-0.00420484838137614,1.85764702767661,1.40041961245929,0.727575877994941,1.05690523459615,0.262081023583466,0.0920721455167621,0.808378020146833
-1.73464823416996,0.534268395576878,-0.229948894839764,-0.32484713200788,-0.215661852346528,-0.70818828320666,-0.300454585467623,-0.526756230488844,0.896705533333967,-0.709725529843093,-0.507744687931449,1.17723380811335,0.065330547010634,0.683412977041385,-0.856731445825419
-0.793181156062094,-0.407856655188848,0.216996109766133,1.06835604125197,0.936038363016983,-0.128069046111989,-0.804393812261196,1.90635651208676,1.1319334058471,0.911445044299684,-1.01866717351016,0.336307109356913,0.521583103546998,-1.74585379860009,-1.67775772000967
-1.46570595950863,-0.606568860472491,-0.918678053887406,0.833144552977769,-0.9343336837377,0.221328251284566,-1.14375361395191,0.484509642491778,0.671611819020508,0.80531890760438,0.699514867718175,0.320678289814243,-0.179964924753913,-1.54213410240731,0.274117384443556
-2.9360196005146,-0.605946182534253,-0.0395533176408191,-3.10450159337065,-0.286900143629808,1.17988758164134,-0.774290616743226,-0.343446306993523,-1.20693209072193,-0.46382859310898,-1.08445002706144,-0.550335506803515,-0.596663928363038,-0.420651292053183,-0.404498915572386
0.543705466658551,2.95649758542486,0.80837719303032,2.47704051139408,1.04247536727241,2.42941759042527,0.0321915137246586,0.580976257391776,0.698740016604694,-0.459453929824833,-3.03946390684877,0.270252709555416,-1.11552114825614,0.879938905101051,1.04056236912338
-0.217870162015456,-1.0791698034731,-0.0944749575902494,0.717550491475437,-1.49025341475623,-1.65032967025225,1.20195985166968,-1.78443743415901,0.937294129860359,-0.29602600527278,-2.13101492229957,-0.419069299321496,-1.26846793979295,-1.98136307062986,-0.664182481531749
-1.47537075764526,0.513805535814071,0.11428077201982,0.553497631758559,0.223388838705316,-2.4929275004931,-3.20648286758413,1.12943691953587,0.856536147439922,-1.95792106602768,-1.81603115207744,-2.38708927904486,0.21542514317011,-1.17633282690212,-0.435969759238923
-0.527280248199922,0.545398116480528,-0.710058880471719,-0.208561692827377,-0.895577390444214,-0.157269834261569,1.39998980175384,-1.19666710456135,-0.948470815750126,-0.00991830736108207,0.665122677114242,1.17569649624419,-0.110242733777192,1.74240558362182,1.28472800014045
-1.09996125168449,-0.299172929501965,1.16303171681539,0.645040866003378,-0.310576417016432,1.83224519478288,-0.109327714162252,0.784309317476405,2.32215414883149,1.04244076327231,0.170524180972612,-0.282555592910885,0.94756457069757,1.00830481625356,0.945549590647121
1.03478725159729,-1.15623575727678,0.545116931393124,0.691093151573171,-0.287764147089437,2.56438952914648,0.991678728061559,-0.400845256338877,-1.12164184069244,1.8214670078943,-2.24482209787088,-0.0599318079213106,1.79769385141379,0.449947580097488,-1.0056917649429
-1.41232180048867,-0.86676675215435,-0.343637652639504,0.0598006082814732,-0.31314640061344,0.0726009204886509,-1.17200128687747,1.50992126858408,1.71672955074473,-0.0653106579103079,-1.48111413513727,-0.742483832502921,0.739505324519659,-2.62201249622554,-0.847704285511348
0.22228415041193,0.226759479601372,0.672491273283533,0.371461775305206,0.611247810886145,1.52234062245538,1.95401743775567,-1.91455401414127,0.531643720363722,-0.210247107687829,-2.40928498980389,-2.23010329080876,-1.18931731079141,-0.66948236334453,-1.54653819019793
-2.0059961047395,-0.586690255819196,0.373219698232037,-2.01943206577557,-1.25824244065664,1.79246094588957,0.954118913394671,3.31246480681057,0.497731192329905,1.69063456508817,1.40416354556349,2.41872656198011,0.696165601058134,0.234455137377454,1.76796431910931
-2.26864026512522,-0.405690630270221,-0.884413131765577,-0.940203547275805,-1.62689752922487,0.794962131072874,-0.230455966963981,1.07904267901861,1.01495447054729,2.45617161391205,-3.55930850210728,-0.878388555941149,-0.844878196542959,-0.464841044093219,1.08000180051587
-1.47504180960404,-0.647283088025042,0.613730513507994,0.290322767834304,-1.03952376038031,0.362251207595453,-0.0943971076696484,-1.16201815741455,-1.61296109848018,-0.190678605439362,-0.490289283384205,1.52714520079344,0.831387316730656,-0.758706812412248,1.94745411396252
-2.41663577650007,-0.875311896685488,-0.950854615952595,-2.25387827713379,-2.06740604924153,0.83631900031487,0.413776663501062,0.0193224943219698,0.48828159882673,-0.736059694724451,-2.34810264925037,0.116213543576008,-0.464963139347528,-1.34320183066955,-0.0802154668732077
3.07907645549496,0.930667319386999,1.84765864747484,-0.226232089932904,1.23980742332316,1.78011703101895,-1.13018603406676,2.56742133326976,1.07039022293723,-0.439856237162874,1.65111643564027,1.06258278787321,-0.643579390921395,-0.00175365594086505,1.09695753747951
1.52262683162906,0.0363561907269108,-0.180158544469306,-0.375077107977664,0.661536290587732,-1.69366970055589,1.89394268840653,0.718999969088484,1.41521664531343,-2.7255719189455,-1.08866246222529,1.16790969847841,-0.754114948755833,-1.94321959744805,-0.592075268454863
-2.83059645129382,-1.30345877678923,-0.113931331582105,0.737666699690242,0.19628782638823,-0.0100583382320584,-0.345790031779511,-1.09231071002399,0.32931749933804,0.494725245947998,-0.784206547598412,0.684799921213904,0.938804508030209,-0.647408415107905,-1.57366702942275
-1.14546960927385,-0.3567509503822,-1.93749800892225,1.58833646267237,1.00036664259265,-0.270942668377005,-1.27239027183798,0.119049050343417,0.917575438193839,-1.10391615279259,-0.0623570845962336,-0.334013581841294,-0.210157998968276,-1.44464390050743,0.185606986741098
0.668542455857012,0.685983885235058,1.79698158730846,-0.204926614059617,0.502723447983284,1.24858472757498,1.59246219254148,-0.400227766261328,1.19270896058096,0.235031939895163,0.476555884032352,-0.397116993440139,2.04302426558977,0.787581450325457,-0.728538635424063
-0.307600227044876,-2.10980397479624,0.346226819275358,-1.40364202071473,0.696242017349984,-2.71512547530343,1.37756757823657,-2.02601801198395,-0.295608665100914,1.38146264844383,2.58495426579957,0.537248579632566,-0.113678246762005,1.45393109707002,1.54147329736512
2.08792204840432,2.2585675825697,-0.309941568505018,0.215294295833687,1.11838690867636,1.52413470865198,0.148261901351812,2.85963104046209,1.20421724967692,-0.618911470508405,0.396728353171595,-1.58732262837287,0.934681608808386,-0.55802107065086,1.12517002845682
1.4963148426668,-0.889361852554023,-0.805426470572062,0.889987583719313,-0.338606846098798,-1.48818121095489,-0.818655447889823,-1.98977119177412,0.659284754978541,0.794915713894146,-0.229285596325204,0.21792391320669,0.081081056880055,-1.20653709277903,-0.0436554437517924
-0.580883996001246,-0.699365707775866,-1.65492373044657,-0.711114351389645,1.12404401437009,0.920361352234796,1.02790166088404,-0.285181731346147,0.809780836934964,0.342541864288069,-0.152548421036247,-1.55257123492275,0.0719718386618551,0.711210769995944,0.654630651872347
-0.160195720876266,-1.39685454775907,-0.678500548117865,0.171281759400788,0.178578489423906,-2.11347381864252,-2.88873955852859,-1.53813259447963,-1.49789845752815,-0.227396432093012,-1.1886700635629,0.631602122672474,0.316956259330892,-1.96825424783912,1.5034575275609
0.0968325591074836,-1.80853745976725,-0.341962783422063,-1.44601039421397,-0.341755831136552,3.24647411144112,0.891948212622122,0.675844794232816,-0.225060366532034,0.893662022243999,-0.2463768266327,1.67474100415851,-0.700702590706741,-1.14869995187882,0.366148195850338
0.85109162140056,0.160357751007858,0.647854182148481,1.44037059551784,0.93262887046849,-1.26891237684171,0.162855497133156,0.760043656408233,0.586018789059022,-0.0554192212312118,2.40562996463835,0.252322573813344,0.53508384368316,1.42531969955417,-1.83118164043968
-0.687662935874012,0.829546046088756,0.338539332614131,0.845775806089424,0.58424470769659,-0.928802082185351,-0.240740220350067,0.0538235784921848,-0.0881391252107395,0.240700962695971,0.0775357704171065,-3.10853438718683,-1.97927171630152,-2.62137155744086,0.984404583667067
-1.52977062252877,-1.41540319222852,0.480585631088024,-0.871873593903281,-0.411131112609585,1.94281103481441,1.20484565174671,1.78411688175307,0.860212911744829,0.308718761472017,-1.98106471015683,-0.608240609770186,-0.49700162460554,-1.62596928085654,1.17537239362206
-0.781885338230868,1.33544732034239,1.12852542843849,2.12570941040255,1.56868484664868,0.604900813621651,-1.97044412169045,1.34021469172774,0.157180166066492,0.371377519942559,-1.74328790191003,-1.33338345610657,1.4031205773748,-1.07787879642145,-1.36766025121653
1.19159473374264,2.7105478727829,0.520866827869911,0.143320139933266,0.335775155920537,-2.93212742390371,1.19605385071832,-0.095094398437586,1.35015295352137,0.904123088711223,-0.482838691166418,-1.08306088691035,-0.533066510691602,-0.257079011867582,0.826392963631939
-1.20050171166325,-2.42903999421959,1.07722209961066,-0.319690199328763,-0.982681052513277,0.200072271708144,0.505754382167231,-0.622760474022799,-0.185441322727744,0.544710926861355,0.000116756653454647,0.719784690345618,-0.0322720288970752,0.663358382593478,-1.04528958136497
1.04755935404261,-0.0441647686112142,1.15673784175038,-0.199589500046822,-2.23701858788179,2.3246759749993,-0.441847171183406,-0.50766312234811,-0.544657771183885,1.01774765188813,0.803552945964826,0.734706262315391,-1.07999049306884,0.989846871740561,0.952348082332529
-0.453918498976262,1.74503134331491,2.48193858474793,2.70036629853642,2.1387848761916,1.07592098722582,0.08270091374535,0.42584412433882,0.100767834279151,-1.04749755586296,-0.0917093337465443,0.147283304712081,-0.259666809303033,0.0220927066699434,-0.121821760612666
-0.708410535695546,1.75806847922199,1.24617691666891,0.757337048434274,1.05153945588931,0.791382776710924,1.783729385585,1.213725288369,-0.413090696102266,0.484327517374079,0.148480374354018,-1.93169070752987,-2.46129289539818,-0.98488765448744,0.35981255821046
1.13304816566603,0.932386919415495,0.331649534589581,0.737299900241566,2.59429814595639,0.759448001259021,0.18489381151026,0.611751438924482,-0.8771017897698,-0.142717694586367,-0.0307317405476833,0.681896464867602,-1.39277017063251,-0.151599521492462,-0.494028427018711
-0.402435560223129,-1.60991301324121,-1.10053366604528,0.20699253904061,-1.62561826968522,1.12261938513838,-1.26880882281848,0.115327248642822,-0.696175793598246,0.0194380409682532,2.24693208609975,1.12118644447461,0.4182592021215,1.30787585620052,0.498956260112125
-0.717436389728277,1.10755640271052,1.32640595589666,0.548312336870914,1.22197787076324,0.253921856806153,0.306599634286395,-0.0696796484300238,0.0377051018910307,-0.321070341406967,0.50609524771646,-0.00785397666611971,-0.202042151018934,0.813626576798596,0.101822222517935
-1.62322686203258,-1.69955032029046,0.508061223928024,0.107558431833374,-0.0587568476464305,1.76304821303965,1.04110988693841,1.08793699046599,1.76303535060547,-1.77714793273094,0.226909958675021,-1.56052898416746,0.0816090628145639,-0.118967026907033,0.727690744140165
-0.0589468414716075,-0.59289107251824,1.32743200079564,-0.269697768053014,0.0314298817295399,-1.63995981356993,-1.48255161183604,-1.4081802927226,0.298482647165882,-0.265525778441887,-0.820156875599881,-0.81456077102037,-1.4350063797586,-0.640244842889997,-0.578671633632652
0.025513933476303,0.493712727740542,-0.218851146373888,-0.215815747539267,0.610293283607681,1.42154555265088,0.215935433911591,0.925967111970208,0.625686896273879,0.327140098629138,0.658900317885178,2.08796533575589,2.19521875968145,0.432742697276632,0.434727062227034
-0.889022470741859,0.915332910514967,-0.555484575925903,-2.31732381181533,-1.29897140924121,2.43043328122192,-0.259619724197727,1.0814620846177,1.50752723408984,0.721094644958026,-3.11462343244693,-1.97284069064435,-1.77129369639268,-1.54058786626214,-1.45462468961641
0.944745651464061,0.42132721591917,0.45019528274923,-0.510715738136073,0.509496577194696,4.51932388098251,3.88180025700003,2.26691956848017,1.74633352976719,1.5678159679236,-0.521796806219268,-0.988696597495723,-0.845504878380546,-2.0286728758797,0.471378624706845
-0.0963416508821222,0.899630827652642,-0.615098226862412,-1.36390269890137,-1.05279754229528,1.70389944738791,2.3604570182635,1.21261495656479,1.00264120484981,1.6454257289093,-0.87939080458076,0.877284693526418,1.41361645540707,-0.74766460969748,1.92186375446499
-1.31138835277119,-0.767533032068643,0.118209371791562,1.65249624213146,-0.191447935223126,-1.1256118575525,-0.0620039134958501,0.132369158583171,1.24520860985824,0.00140206396418646,-0.290096278159038,-0.352483463877308,-0.849738346389797,2.41384619154236,1.7122253660331
-0.128293517533761,0.26075090725601,-0.115062263074035,1.87673969105902,0.264884525564326,-1.35557633778841,0.388168218384443,0.992667991330691,-0.680550834161074,-1.49823072895623,-1.00030940749565,-1.41459192136213,0.543003883754284,-2.56248371861445,0.00797508959519133
-0.430654716860795,0.418009854496711,-1.26873677086672,-0.866691311744336,0.279005707493237,-0.239009834432226,-1.21195231662682,-1.11783768477838,0.607657736713335,0.555125620945017,-3.01087554282973,-2.63853975668124,-3.18147277274085,-1.36124743344206,-2.17840855264372
-0.245506186250932,0.469589965387529,0.56865832937942,0.775149475520744,0.859719222045007,-0.115181277557605,-1.90027374300491,-0.804037239666503,-0.135339886040851,1.30715188471012,0.0547645417839249,-1.19097198648464,-0.260287148512318,-1.53321438054009,0.367198205882688
-0.261531707708313,-0.462813606337521,-1.6648352359928,1.47807739850725,0.616693200507852,-1.4702696376409,0.997686396594405,1.38145988380087,0.814727646936389,-1.38783615324299,-0.684544555261329,-1.49746853844905,0.161685127795565,0.607705841121308,0.36626274490866
0.0411839905941083,0.765698744143355,-1.00483800500966,1.74710062494269,-0.548862706663004,-0.296439907093301,-0.1125768348575,-0.376488158039814,-2.16761654005312,-0.0408754116560946,-0.474741755098747,1.06305812411954,-1.02866741142279,0.279597859615227,1.23148277882341
-0.361701998562971,-1.13746487173627,0.0399339394545737,0.162858951103326,-1.24639363135687,2.33429583464541,1.12336912007833,0.688297139141591,1.29171118308135,0.287251825967105,-0.235700566890418,-0.294258398019044,0.335826375131021,0.206761700307071,-0.447585448786238
-0.288210925618397,-0.928444934683156,-0.824979701360708,0.541995117486177,-0.608480004284081,-0.561282544909366,0.629709339825498,-0.29279390996194,-0.605544975751337,1.44188119166332,-0.261163120431919,-0.246419169853832,-0.631623761166656,-0.580679348750386,0.259134983025939
-1.39928625486988,0.0567121557649437,2.67349855514282,1.2883695241265,-0.275983981193153,0.00345725117452433,-0.315924798504537,0.0775699189443372,0.0705470365213324,1.3193758011925,2.66172051810639,0.1753580608746,0.551723827544335,1.09552170910024,2.07800215867695
0.000786539624530014,0.183279795653815,0.4099408060451,-0.557839353313554,-0.648048306679154,1.73706290080245,-2.0107848076292,-0.207079480082559,-0.694041581287545,-0.705602126829423,0.611159513073669,0.526485402797609,-1.38384269455603,1.34319653604066,1.12818523716081
0.627042302608387,3.50143733479719,0.206116440980705,1.33066202555531,0.935622647202452,0.542126327395766,-0.450447817042722,0.163808817772655,-0.472199774008759,-0.708208196259522,-0.0491947443836463,0.953776425773187,1.18766343332966,-1.75394618892574,-3.52109074040494
2.0914027707522,-2.56269280107613,-1.94012763054289,0.184073438073747,0.788456050481162,-0.95965219256141,0.00024263582232098,-0.571940729258175,-0.481554145461317,0.903333428944923,-0.546045503794165,0.0617579661634023,-0.366267223019548,-1.48720858957121,-0.273587061818084
1.11017118256874,0.747822176551266,1.18410716447083,1.81418222931063,-0.310927864304296,0.332934273222358,-0.347895705538262,0.216530321384216,-0.545657856672575,0.0750935802870238,-0.706971440186171,-0.385534510146018,-0.0448287123349705,-0.605597527806042,0.26804241972549
-1.7193746663219,-2.77156600566672,-1.40371541610865,-0.554890170561389,0.776679125174911,0.637679753642938,-1.03079167222332,-0.773475092491446,-1.09652520462534,-0.102550903085402,-0.452262255335785,-0.40672024477824,-0.558537667513561,0.365289543702452,0.401292457840448
1.29578548799309,1.02266767453761,2.55081075958052,1.13151670539962,0.142980090346124,-0.686123391288227,-0.361650579974117,-0.153498311663713,-1.67016260886189,0.567276258499065,-0.950822806178336,-0.806252404971755,0.297197040909739,-1.20089195102006,0.195199880695074
1.26355474316717,0.15021834359567,1.28542802656499,0.08588409227142,0.183423418541447,1.35343521243483,-1.30868122084555,1.01282803803788,1.68294582259808,0.173537454278395,-0.081510187093998,-0.506657373636856,-0.640884023729485,-2.38036211967161,0.380903595721518
-0.196583633296613,0.425773015170481,-0.149280046473095,0.638349859761157,2.15570906017014,0.625889502521421,-0.744472390019039,0.786910258328297,-0.32350980408176,0.415464765430728,1.91330438841386,-1.86286125085628,1.04582574990094,0.181772595163192,0.66693173539634
1.32578577506657,0.924200106058041,0.117539957853053,0.545708350892663,1.51827080691698,-0.545373800039528,-0.0406976659849296,-0.147941869957904,-0.0649304021043603,-1.95349068419109,2.37996034998664,-0.493828347932172,-0.164966153791821,0.15556192521379,0.586960464086006
-1.64734942274202,0.0349236371356472,0.876244406744414,-0.503731770689358,0.330320415442919,1.9189846704526,1.78236904856557,0.807193444417126,0.6061301493209,1.50126126008776,0.943993037277001,0.428761923697835,-1.26435642076856,0.557329674654543,0.843258937756415
1.54088823863874,0.537470574690798,2.60272700834976,3.23503486010737,0.405103872017447,-0.128118178568232,0.930032179458333,0.395814016164801,1.0714073874093,0.774316340703732,-0.542400602878361,-0.493842753002611,0.098164115477181,-0.114368796790282,0.636211234258394
0.012901250262224,-0.540898341523263,2.13531293441875,-0.566215874367431,0.493044416723042,-0.619079253548186,0.358645555681798,0.847322849776825,0.154232875203293,-0.562069291557731,-0.0914060888678904,0.197615733031691,-2.66748831129252,0.449369983930656,0.515162380788683
1.19504570578813,-1.40742174012316,0.108103403022252,1.98686654774037,-0.55786929946841,-2.80700787503369,-1.20193988311422,-1.0528758198693,-2.24164507089958,-1.99931915015614,-1.52222375439184,-2.0103352916459,0.652621985530451,-1.96399431142517,-1.06925244779262
-2.0279369668582,-0.0157768981198185,0.0447191010926128,-1.49623442641632,-3.09372129062734,2.03878081955956,2.62840470796448,-0.0982958756706024,0.449317433800342,2.37744499573954,0.736691917221701,-1.04519177707373,0.204404076821073,0.558341896721217,-0.298301414989276
2.62633123927525,1.31501616026965,0.746823066976108,0.466657647635684,2.50402722273222,0.396544284637492,-0.933111600737863,2.29216362519767,-0.00373224222146943,-1.10721499489374,-0.709368105579422,0.710193893420666,-0.35569415157416,0.397426911005432,-0.474168299244978
-1.73997032875778,-3.31135038881,-0.52331970663221,0.0850407973872107,-1.79974923954925,0.907340786987637,0.623273181567352,0.367967710675403,0.177132975446253,-0.474304596077824,-0.582233332551033,-0.969469466503662,-0.16247077136419,0.0993042745065769,-0.321616654187668
0.880995457460879,-0.0516646491569626,0.305400187579787,-0.288633115743663,1.30850049478187,-3.01429230357645,-0.979498572695319,0.783632348842839,-0.842438849869642,-0.939804552318064,-2.21734357447597,0.196310704941897,0.293343395420494,2.37825019334539,1.22605522149994
-1.24747547638319,0.854116577874326,1.75918075725492,0.38563536562255,-0.580962790014271,1.4787396200185,1.50802458031628,-0.337755954234845,0.927306062695376,-0.227308325371633,0.75078869576602,0.535797399070094,1.6594874547273,-1.41946354696896,0.896483475609781
1.04481173623487,0.376201954679475,0.735753322614663,0.23767003458821,0.901183808603905,-1.69944039888071,0.179567647627446,1.57282050265807,1.33984352067768,-0.57464860049976,2.84574306284182,1.51762359875658,0.00771740220750383,1.02095611627256,1.16057942071613
-1.66192203677679,-0.95356762461597,0.116202525230951,-1.11067103590237,-0.386123965001347,-0.985162858802369,0.727339852301894,-0.312772558039021,-1.62078036422762,-0.749348427241339,0.221966707836211,-1.03860772422128,2.010732401104,0.992577682617263,-1.20640768069048
-2.76956452535665,-1.69140197780072,-1.29423202877887,-0.360866846707158,-1.7836896088888,1.68444217711252,-0.456645899978844,0.119025634091684,0.430977506062395,0.416280929120829,0.106064232512522,0.251662620665224,-0.648678614490027,1.28789173981397,0.923101630682259
-1.67628067832221,-3.3892488591998,-1.3394054585098,-0.609414145948209,-1.67929035884263,1.48471340003657,1.40767096542865,0.00318268138264793,-0.436645580095066,-0.485873324747602,-0.0884269486555034,0.584996240647181,-0.110939641481372,1.35537261030988,-0.0722247933898898
-0.971248796553694,-0.62307646299621,0.387023775062245,1.83803111844621,0.990651757162388,-0.0033419707706609,1.49228034311244,-0.118018133923155,0.0953567271690329,0.207346256174926,-0.193148035377579,-1.65499807630078,0.00232958556593821,1.68827621765371,-1.74256013430622
0.0137575671826598,-0.202551805248489,-0.189843319551912,0.237903249832927,1.60359107954948,0.0365686117621336,1.99476133733081,0.466170316771888,-0.646530019165182,0.104749996591675,-0.0223995029124218,-1.26545287074938,-0.098792056752563,0.0641895232261137,-1.04841995355957
-0.770500304239016,0.710521517267821,-1.53286213926518,-0.151628290653157,-0.460570170909392,0.64215015449162,0.480235239534442,-1.4817951317457,0.917981266435168,-0.310727558383926,0.826884486404279,0.893294147761156,3.12791399198298,0.928215310881284,0.16297010040217
-0.868395380722608,0.869203239761464,0.361107850736469,0.133977812473706,1.40745604093914,-0.772754416904332,-0.0344382972400678,1.10648076808131,0.48910133562807,-1.28228494561749,-1.13259649268129,0.000556083422732376,-0.498918019507558,-0.703452498960704,-1.2593980500233
-1.27013486269842,-0.981529482733657,-2.62872014070632,1.17454809293708,-1.77499555136192,-0.0952043825219067,-0.238724625957485,-1.3400983976401,0.124958469631726,1.83813035462601,0.4968230094866,-0.149693549118016,-0.0713562596200511,2.32585837413695,-0.22999905259166
-0.906991268068939,-0.332184139591609,-0.553276550614088,1.58954675917712,-0.487207774640941,0.0630321942580146,0.0408955491278819,0.875848727916755,-0.0891383738086129,-0.430209304576249,1.15541471682235,-0.501982658615857,-0.807206411227167,-0.956446724632483,-0.181350448727836
0.860542213869814,1.93887258649388,1.82767612178381,1.38086962302597,-0.485994529896717,-0.749476510822916,-1.49313996845888,-0.733696968476578,-0.810446395148078,-0.432367131448417,-0.613986542714322,0.426984018443793,-1.30145668654689,2.26114685304176,-0.503667079246384
-0.0311595226148549,-0.527343045800245,-0.387198730691493,0.564874297955786,-1.78364264252543,1.36480983229581,2.64322495321288,0.853332722972662,2.48421580673204,1.0124478787367,-0.883430201091239,-1.37779188420361,-1.94882162977458,0.409303570496542,-2.13632851910384
-1.11165588237154,1.43651644300961,0.576269561152668,-1.35740257976788,-0.541829065188044,1.24431049047286,0.593063833254738,0.756031538650623,0.75453728116866,0.77904412461409,0.505241683592048,0.423018879768179,-1.58249611577075,0.790141992440871,-2.01017587566592
-2.24245470712579,-0.946780651707123,-0.645885197942428,-0.602100635318164,0.263046361036113,-0.782062777424877,-1.25582792390671,-0.00409380726399512,0.306660566395168,-0.165126154371825,2.53104697042096,2.64051147714204,2.87551984693355,0.740482435742683,1.12040335508912
-2.12978062776371,0.0295010528761596,-0.274662749579324,-2.16104705114542,1.4174324342472,-0.59524147438865,-0.585008216089313,0.82303865333606,-0.153859658725699,0.333902169403847,0.377487131200736,2.66381498098929,1.61379132748623,-0.988624882421489,1.3870480551199
1.94526512436027,1.36864356678956,0.498818556374296,1.1732109422969,2.88498814361941,0.925201960912792,-0.616168902214191,-0.236420629848132,-2.87469617916396,0.362139411247929,0.0276685350810176,0.112005393213917,0.426730091406277,0.913565488366501,0.306734720351067
-0.31839795355246,-1.610968833602,-0.435380755449664,1.4440673726939,0.343865345480867,-2.70693869828251,-3.08983608578279,-0.669764058893291,-0.895767779592045,-0.134826518203643,-0.908442749453457,1.0258376798845,-0.0128815204533816,0.398060141459634,-2.53928752187429
0.306648090350008,-1.82605558488662,-1.79128916792105,-0.568644380362758,-0.93901810056171,0.892804658722264,-2.51298347572121,-1.20052290923622,1.62873114631603,1.23281584940647,-1.79222458739306,-0.459148360701037,-1.30515024578402,1.24708239733844,0.740563915540436
2.85124245459483,1.99372816634627,0.316749973401144,0.169708616139223,0.859271075212562,-0.321892802143322,-0.516631621240887,-0.174536457946554,-1.29896467629552,-1.12952992865528,-0.0039521787656247,-2.71822582141708,-0.683731879018334,-1.12470308487134,-0.802969610928761
0.0939685865224266,0.781499630620501,-0.224329720534951,-1.80496323115427,0.427987726135796,-0.0705719916647869,1.69610987030324,2.96701402126633,-0.10917616139628,-0.176572200580534,-1.29589750962677,-0.801151456576156,-0.0127766595063062,-1.17391322240402,0.520013465890525
-1.1930373919047,0.166618853327006,-1.53040866016648,-0.238422185143349,-0.0265604606284214,0.287264696270855,0.917671274340118,0.624761465604187,-2.11126350687222,-0.668525915805142,1.67892189878143,-2.09769859359172,-2.14157968038334,0.972472632418049,0.00308426151023578
-0.684501471498519,-2.43371515070241,-0.413831467409051,0.562460496725562,0.9763564650548,0.293000186061137,1.70511044554514,1.43689653205398,0.949694102814904,0.561861830236837,-0.681478632053903,-0.347338542971377,-0.945088321837015,0.759642666695437,0.539191518685354
-2.05675700723454,0.0792157897859974,-1.24378313297762,-1.44619533202819,-1.02224776766878,-2.07188345365895,2.63144978845638,0.446892077057917,-0.743152583113801,1.69316290651664,-0.0993727912345251,0.0432081680943891,0.272487417817123,-1.38174097980927,-0.333661553843773
1.30643625864086,2.77795232511611,-0.0321314853428112,-0.110712093682466,-0.806969954194221,-2.68680479869225,-0.955335663386677,-0.0877791065358907,0.737725587189946,-0.756176939862901,2.32738193715497,0.249896524215993,2.29434390566344,0.429584875014554,1.06664142574612
0.0799990739758288,0.73100382713203,0.16766496376192,0.180857053694291,1.02348690062983,0.990764367279517,1.79096880119731,2.67799895650173,0.29116078150342,-0.0596042932258978,-0.122521780264154,1.23009802583572,-0.0834927779415555,-1.11738565914799,-0.571456826375189
-0.387193829468035,0.595460067874899,0.084721524734314,0.216987584290884,0.117716587037113,-1.59925346150269,-0.789812158515157,-0.804839186715366,-1.36371770414422,0.424908218424354,-0.402301781118713,0.203398420700915,-0.765598003285449,-1.24769153003927,0.417658251437648
-0.02067073367562,0.05500014244939,-0.686484392999835,0.110412071203521,1.81751023482453,-0.239303501070152,-0.16193852077413,1.20780726320707,0.0330564858522296,0.568844173282158,-0.117121327961309,0.537866290455183,2.00035292673757,0.982213585682858,1.07335992840897
-1.39547346901153,0.102262568293446,-1.41928739451591,-0.940259933540146,-0.522208539920476,0.314145775837811,-1.36688378427969,0.106698370692734,-1.0747718058118,0.864144713822485,-2.60722650471961,0.320479968019759,-0.788503238526583,-1.48107611876688,0.475303108290685
0.0590510171009194,0.868228225190126,0.20312134742419,-1.49462293097936,1.43776879119809,0.0090245438513008,-0.188795226156065,-0.201395527739487,0.828177855574116,1.93627157227589,0.495803544206226,-0.773641287968764,1.24624873526092,-0.156392893694236,1.8224831336091
-1.02508625306288,-0.281935731934009,-0.948740791094338,-1.5583967703188,-1.25683906837621,-1.69171903415427,-0.780492098232254,-1.94737618779427,-1.32125789228144,-1.39097986429849,2.50756438845537,1.40237176752163,0.716771372357436,0.769570866136138,1.38032368689767
-1.44771250753132,0.736734482053552,0.470904439654521,-1.00495874255338,0.68358063663015,-0.599012865205511,-2.31819426894845,-0.785312112326639,-1.31082639262052,-1.42437624762039,2.04984744287847,2.40377744683496,2.57035782131347,1.51747753227355,0.518174745826921
0.258002714652966,-0.832100786888877,1.52708541554412,1.35956659387034,0.0455778076053849,-0.962341679349063,-0.54885713374455,0.815716400319831,-0.303077618430648,-1.18313254534948,3.4422412268376,1.30299789698082,1.45104201955295,-0.694021581902795,-1.04145163217846
0.0255707375772128,1.70670284767698,0.738029251513052,1.27184714924766,-0.166939386170368,-0.489079125226013,-1.72177624814467,-0.0152171125420406,1.42852015438759,0.612523349165383,0.715639666187947,0.689344288962846,-0.0240250899836586,0.00463511073632835,0.784922313518001
1.82188729150273,1.76965130839629,-0.308580870247576,0.0111850083434002,-0.757931429092943,-0.0902900803112449,0.312099626915954,-0.22793105910601,-1.86227814730286,0.0590605961165451,1.1977644452924,1.6194756149847,0.528767768227097,0.829175244730622,0.865159092227116
2.4474613776779,0.398206249283359,0.0642245362215228,-0.0033032933250543,-1.40393617595241,-0.853771411383163,0.999002948688669,-0.351225174134425,0.0336402369459514,-0.845425861672503,-3.06236211534291,-1.98645707361872,-2.1591776285771,-2.92357890770804,-1.34668456850859
0.897813889928459,-1.34641804392471,-2.02400947142077,-0.0895646566896229,-0.521625608835038,0.149980452258201,2.01845954099999,-0.601154908364151,1.79031468568999,-0.0816029035281292,-0.157905213295046,0.750598693571714,2.76264180947146,0.922704395073352,-0.337477786768596
1.00106939386564,-1.51778753414539,0.163994177643158,-0.67503572051053,-1.62476825414866,2.87732177581984,2.48406964625315,2.03517738149589,1.29542585843652,-0.588155464872321,0.278814585161781,0.346184053896927,-1.46860090532027,1.38933695463544,0.583706184055148
0.533565343002887,-0.404683042544684,-1.64439986656391,-0.173952392644285,-0.519020024136855,0.0475712426476538,-0.774433797546389,0.706431575393864,-0.090595092893089,0.495806004646229,-0.78401257119683,-1.15980963498491,-1.60892099074583,0.689993017796277,-0.633375502732741
-1.81027313583145,0.193906972832635,-0.285306101492558,-0.205923838631783,-2.4844172593549,0.621247791556629,2.58900508894151,-1.70196291680471,-0.737747849164442,2.57434242087603,1.73998572844085,0.259343855017742,0.544266264367963,-0.74792777606592,-1.87422660892517
-1.38156223620747,-3.32627036740366,0.0864232672224913,-1.1659958980263,-2.05068603622448,1.52368696102575,-1.31608799581004,-0.388835471357754,0.486151886041948,1.59666637882916,-0.78528110872966,0.378449491852939,-1.7846964049654,0.988355690226189,1.75555050755104
0.514998717249684,-0.503206330571841,-0.866839864776961,-0.535014067602978,-0.937543263767777,3.23649595478128,2.68189435424791,1.20325561814106,0.287875961883832,0.638358081422262,-0.64948630351592,2.38909933956972,-0.31177580722522,-0.275511619261769,1.71017957165839
0.820496927335665,-1.13856402702782,1.22520533402448,0.936511387895192,0.305090325177936,0.848089314167205,1.44101959351212,1.23290714082331,0.078594827149249,0.481306009096293,0.879837437633169,0.807561049822267,-0.597204555531708,0.1233470602278,0.430287518430161
0.953807273549139,-0.594809267691324,-1.78924336654166,-0.635134634537225,1.54586182730807,-1.666743315901,0.398985011204716,-0.520816505951772,0.0122445312714741,-0.47919530710487,-1.01160706709317,0.206679333795454,-0.756011855249703,-0.337452272727719,-1.90788151926267
1.63223307157284,-0.907805420690366,1.54079621451651,0.936877020096025,-0.365055501216201,1.11971124692871,0.588783390502269,-0.443359317828022,0.602114020800551,-0.444230705982598,-1.39828514444933,-0.860912437149274,-0.58233342219062,-0.537458732963496,-0.857571843494056
-2.02548925250467,0.128184678766426,0.563432816957711,-0.615506954401925,-0.418443878256506,-0.2740726360219,-0.0778435524744771,-0.701979472369832,-0.693445707794208,0.395004286490667,-0.0832053084075655,-0.144254497880211,2.45373058177509,0.433127848099093,0.569771362581968
-1.44122863706908,1.26679075021266,0.264861327137719,0.352653602389416,0.59533001322978,0.65764214145631,2.13288953877106,0.699062716368442,0.354526899812567,0.088296941396603,1.16425568903917,2.31128905210922,-1.81533236247843,-0.927900195931048,-0.259070529342204
-1.4372388350349,-1.94550770041362,-1.75147041410014,-0.637167630968598,0.549452502919426,0.917780787539353,-1.18030681155277,1.64251243454046,1.51846994572616,1.86204272874268,0.947324697588179,1.41620805552692,-0.737507927769979,-0.141827955769523,0.297207051629886
-1.24903285093579,-2.67110801772406,-1.25049523574381,-1.85655434654838,-0.714286274500954,-0.620655948704369,-0.937038362327629,-0.435366467065783,-0.176448127485527,-1.58860001643392,0.565751473409893,-0.798488177311498,0.451567995742742,-0.525926921809605,0.0142572919951088
-0.786818444277992,-0.707321540489319,-1.44726296014713,0.0292529951534885,0.524304835709709,-1.84913212586368,-0.0309106407917717,-0.515221937190556,-0.25986178109071,-2.2036358721659,0.32470331260576,-0.26842174322864,1.70707615046759,0.338991915544659,1.02722475472854
0.924998887336225,1.14279369404056,2.31504235093224,-0.0118241361883034,0.234712929945031,-1.19574173814882,-1.06798569719082,-1.00053382598774,-2.30545299231288,0.101878946261362,2.4354638915196,-0.577500012743497,0.741103879002875,0.0983038689747828,-0.38806911692755
0.232751572621846,0.140218397931562,-2.16813951852969,-1.59033004932955,-0.727251062470737,-2.18875755052393,-1.04636069275698,-0.990376270837466,0.522730072266811,-1.39670277093159,0.730901421080188,-0.790323392018415,-0.385850379590206,0.00144422308291092,-0.871369258581874
1.22057154342265,-0.0863621816013869,1.15409098327538,1.1556678828808,0.788890848660031,0.251077549043026,1.07639518388639,0.718846700862712,0.357706209175651,0.0420296633531861,-1.77721088327025,-1.39397631964753,-1.62779012155387,-0.141420873270574,0.916666311751463
-0.0281602925544003,-2.13397488380354,-0.875832842471339,1.13195776507594,-1.36604768382144,0.857596033419538,0.0871841212334761,1.02816076341064,-1.59429263052539,-0.986199293594799,-1.01285572942843,0.0940783817800019,-0.526584871431162,0.483983526395077,-0.691874517318118
0.268111767007065,-1.31276802174136,-0.930827444246191,-2.08301016025287,-1.93442398299405,1.17214246646639,0.496152248964313,1.31539512408227,1.73409033848601,2.51630295130479,-0.190035060691899,0.0240768033014067,1.80021367548042,-0.749293888494289,0.031778095620479
1.55927051985663,-1.80436994124481,0.507149365775871,0.403255456397817,-0.789638191575657,-1.53378398995524,-1.97162051163122,-0.657081299754354,-1.97145536844166,-0.370793334059127,1.26565818542982,0.123480492135881,1.13119666994528,-0.341617274498902,-0.536544274128877
-0.686203134936051,-1.876848928029,0.640359683477538,1.69903235697425,-2.32285669039312,0.493205266341247,-1.62049029244639,0.485795606214423,-0.763406328883061,-0.452817608201981,0.670569195949267,0.562646701593691,0.102516001050943,-1.03050861285417,1.01357292851659
0.627302874033168,-0.524431321811942,0.529422656703989,-0.803324163944489,0.663854245473807,1.15481358131638,0.719624742251092,1.2942696032996,1.16730633874104,0.378036673387032,-3.29421049699135,-1.40383937181428,-0.620942746601088,-1.49361206779207,0.440412630083415
-1.64047954192956,0.80480688359777,0.247075254053049,1.18671831772199,0.754875763641699,-0.31141233396696,-0.347475695617485,1.80036863312393,-0.232907809769178,-0.0927922629636568,0.867286786728162,-0.677753404370107,0.982032816228518,-0.0160598283217908,0.31378693949817
-0.270124090886012,-0.474510919219347,0.00191863315390906,0.907952632915962,0.693234144185599,-1.76513463150731,-1.31202488958186,-1.024324358217,-1.16970870297406,0.549813185993054,0.760301507771145,2.88054642666704,0.513926468863408,0.528281797811556,0.159835996409986
1.01714816665991,0.650481162703917,1.3108895827367,-0.294357574516123,-1.63132974479226,2.67588507032135,0.00104099777388511,1.27541427264766,0.972233696841353,0.332729662302665,0.148831853818514,1.81219387111294,-0.690714100232276,-0.0396951386986893,1.6000881683105
